-0.190000
-0.380000
-0.570000
-0.760000
-0.950000
-1.140000
-1.330000
-1.520000
-1.710000
-1.900000
-2.090000
-2.280000
-2.470000
-2.660000
-2.850000
-3.040000
-3.230000
-3.420000
-3.610000
-3.800000
-3.990000
-4.180000
-4.370000
-4.560000
-4.750000
-4.940000
-5.130000
-5.320000
-5.510000
-5.700000
-5.890000
-6.080000
-6.270000
-6.460000
-6.650000
-6.840000
-7.030000
-7.220000
-7.410000
-7.600000
-7.790000
-7.980000
-8.170000
-8.360000
-8.550000
-8.740000
-8.930000
-9.120000
-9.310000
-9.500000
-9.690000
-9.880000
-10.070000
-10.260000
-10.450000
-10.640000
-10.830000
-11.020000
-11.210000
-11.400000
-11.590000
-11.780000
-11.970000
-12.160000
-12.350000
-12.540000
-12.730000
-12.920000
-13.110000
-13.300000
-13.490000
-13.680000
-13.870000
-14.060000
-14.250000
-14.440000
-14.630000
-14.820000
-15.010000
-15.200000
-15.390000
-15.580000
-15.770000
-15.960000
-16.150000
-16.340000
-16.530000
-16.720000
-16.910000
-17.100000
-17.290000
-17.480000
-17.670000
-17.860000
-18.050000
-18.240000
-18.430000
-18.620000
-18.810000
-19.000000
-19.190000
-19.380000
-19.570000
-19.760000
-19.950000
-20.140000
-20.330000
-20.520000
-20.710000
-20.900000
-21.090000
-21.280000
-21.470000
-21.660000
-21.850000
-22.040000
-22.230000
-22.420000
-22.610000
-22.800000
-22.990000
-23.180000
-23.370000
-23.560000
-23.750000
-23.940000
-24.130000
-24.320000
-24.510000
-24.700000
-24.890000
-25.080000
-25.270000
-25.460000
-25.650000
-25.840000
-26.030000
-26.220000
-26.410000
-26.600000
-26.790000
-26.980000
-27.170000
-27.360000
-27.550000
-27.740000
-27.930000
-28.120000
-28.310000
-28.500000
-28.690000
-28.880000
-29.070000
-29.260000
-29.450000
-29.640000
-29.830000
-30.020000
-30.210000
-30.400000
-30.590000
-30.780000
-30.970000
-31.160000
-31.350000
-31.540000
-31.730000
-31.920000
-32.110000
-32.300000
-32.490000
-32.680000
-32.870000
-33.060000
-33.250000
-33.440000
-33.630000
-33.820000
-34.010000
-34.200000
-34.390000
-34.580000
-34.770000
-34.960000
-35.150000
-35.340000
-35.530000
-35.720000
-35.910000
-36.100000
-36.290000
-36.480000
-36.670000
-36.860000
-37.050000
-37.240000
-37.430000
-37.620000
-37.810000
-38.000000
