-0.023620
-0.046510
-0.068690
-0.090184
-0.111013
-0.131196
-0.150755
-0.169709
-0.188075
-0.205873
-0.223120
-0.239834
-0.256029
-0.271724
-0.286932
-0.301670
-0.315952
-0.329791
-0.343202
-0.356198
-0.368791
-0.380995
-0.392821
-0.404280
-0.415385
-0.426147
-0.436575
-0.446680
-0.456472
-0.465961
-0.475157
-0.484068
-0.492703
-0.501070
-0.509179
-0.517037
-0.524651
-0.532030
-0.539180
-0.546109
-0.552823
-0.559330
-0.565635
-0.571744
-0.577665
-0.583403
-0.588963
-0.594350
-0.599571
-0.604630
-0.609533
-0.614284
-0.618888
-0.623349
-0.627672
-0.631862
-0.635921
-0.639855
-0.643668
-0.647362
-0.650942
-0.654411
-0.657772
-0.661030
-0.664187
-0.667246
-0.670210
-0.673082
-0.675866
-0.678563
-0.681177
-0.683710
-0.686165
-0.688544
-0.690849
-0.693082
-0.695247
-0.697344
-0.699377
-0.701346
-0.703255
-0.705104
-0.706897
-0.708633
-0.710317
-0.711947
-0.713528
-0.715059
-0.716544
-0.717982
-0.719375
-0.720726
-0.722035
-0.723303
-0.724532
-0.725722
-0.726877
-0.727995
-0.729078
-0.730129
-0.731146
-0.732132
-0.733088
-0.734014
-0.734911
-0.735781
-0.736623
-0.737440
-0.738231
-0.738998
-0.739741
-0.740461
-0.741159
-0.741835
-0.742490
-0.743125
-0.743740
-0.744337
-0.744914
-0.745474
-0.746017
-0.746543
-0.747052
-0.747546
-0.748024
-0.748488
-0.748937
-0.749372
-0.749794
-0.750203
-0.750599
-0.750983
-0.751355
-0.751716
-0.752065
-0.752403
-0.752731
-0.753049
-0.753357
-0.753656
-0.753945
-0.754226
-0.754497
-0.754760
-0.755015
-0.755263
-0.755502
-0.755734
-0.755959
-0.756177
-0.756388
-0.756593
-0.756791
-0.756984
-0.757170
-0.757350
-0.757525
-0.757695
-0.757859
-0.758018
-0.758172
-0.758322
-0.758467
-0.758607
-0.758743
-0.758875
-0.759002
-0.759126
-0.759246
-0.759362
-0.759475
-0.759584
-0.759690
-0.759792
-0.759892
-0.759988
-0.760081
-0.760171
-0.760259
-0.760344
-0.760426
-0.760506
-0.760583
-0.760658
-0.760730
-0.760801
-0.760869
-0.760935
-0.760999
-0.761061
-0.761121
-0.761179
-0.761235
-0.761290
-0.761343
-0.761394
-0.761444
-0.761492
-0.761539
-0.761584
