-0.084982
-0.165716
-0.242413
-0.315277
-0.384498
-0.450259
-0.512733
-0.572084
-0.628468
-0.682033
-0.732920
-0.781264
-0.827191
-0.870822
-0.912272
-0.951650
-0.989060
-1.024599
-1.058362
-1.090437
-1.120909
-1.149857
-1.177358
-1.203485
-1.228305
-1.251885
-1.274286
-1.295567
-1.315784
-1.334991
-1.353238
-1.370572
-1.387040
-1.402685
-1.417547
-1.431667
-1.445081
-1.457824
-1.469930
-1.481431
-1.492357
-1.502737
-1.512598
-1.521966
-1.530866
-1.539321
-1.547353
-1.554984
-1.562233
-1.569120
-1.575663
-1.581878
-1.587783
-1.593393
-1.598722
-1.603785
-1.608594
-1.613164
-1.617505
-1.621628
-1.625546
-1.629268
-1.632804
-1.636163
-1.639354
-1.642386
-1.645266
-1.648002
-1.650601
-1.653071
-1.655417
-1.657645
-1.659763
-1.661774
-1.663685
-1.665500
-1.667225
-1.668863
-1.670420
-1.671899
-1.673303
-1.674638
-1.675906
-1.677110
-1.678254
-1.679341
-1.680374
-1.681355
-1.682287
-1.683173
-1.684014
-1.684813
-1.685572
-1.686293
-1.686979
-1.687630
-1.688248
-1.688835
-1.689394
-1.689924
-1.690427
-1.690906
-1.691361
-1.691792
-1.692203
-1.692593
-1.692963
-1.693315
-1.693649
-1.693966
-1.694268
-1.694554
-1.694827
-1.695085
-1.695331
-1.695564
-1.695786
-1.695997
-1.696197
-1.696387
-1.696568
-1.696739
-1.696902
-1.697057
-1.697204
-1.697344
-1.697477
-1.697603
-1.697723
-1.697837
-1.697945
-1.698047
-1.698145
-1.698238
-1.698326
-1.698410
-1.698489
-1.698565
-1.698636
-1.698705
-1.698769
-1.698831
-1.698889
-1.698945
-1.698998
-1.699048
-1.699095
-1.699140
-1.699183
-1.699224
-1.699263
-1.699300
-1.699335
-1.699368
-1.699400
-1.699430
-1.699458
-1.699485
-1.699511
-1.699535
-1.699559
-1.699581
-1.699602
-1.699622
-1.699641
-1.699659
-1.699676
-1.699692
-1.699707
-1.699722
-1.699736
-1.699749
-1.699762
-1.699773
-1.699785
-1.699796
-1.699806
-1.699815
-1.699825
-1.699833
-1.699842
-1.699850
-1.699857
-1.699864
-1.699871
-1.699878
-1.699884
-1.699889
-1.699895
-1.699900
-1.699905
-1.699910
-1.699914
-1.699919
-1.699923
-1.699927
-1.699930
-1.699934
-1.699937
-1.699940
