t
1
2
3
4
5
6
7
8
9
10
11
12
13
14
15
16
17
18
19
20
21
22
23
24
25
26
27
28
29
30
31
32
33
34
35
36
37
38
39
40
41
42
43
44
45
46
47
48
49
50
51
52
53
54
55
56
57
58
59
60
61
62
63
64
65
66
67
68
69
70
71
72
73
74
75
76
77
78
79
80
81
82
83
84
85
86
87
88
89
90
91
92
93
94
95
96
97
98
99
100
101
102
103
104
105
106
107
108
109
110
111
112
113
114
115
116
117
118
119
120
121
122
123
124
125
126
127
128
129
130
131
132
133
134
135
136
137
138
139
140
141
142
143
144
145
146
147
148
149
150
151
152
153
154
155
156
157
158
159
160
161
162
163
164
165
166
167
168
169
170
171
172
173
174
175
176
177
178
179
180
181
182
183
184
185
186
187
188
189
190
191
192
193
194
195
196
197
198
199
200
------------------------
g11
-0.190000
-0.380000
-0.570000
-0.760000
-0.950000
-1.140000
-1.330000
-1.520000
-1.710000
-1.900000
-2.090000
-2.280000
-2.470000
-2.660000
-2.850000
-3.040000
-3.230000
-3.420000
-3.610000
-3.800000
-3.990000
-4.180000
-4.370000
-4.560000
-4.750000
-4.940000
-5.130000
-5.320000
-5.510000
-5.700000
-5.890000
-6.080000
-6.270000
-6.460000
-6.650000
-6.840000
-7.030000
-7.220000
-7.410000
-7.600000
-7.790000
-7.980000
-8.170000
-8.360000
-8.550000
-8.740000
-8.930000
-9.120000
-9.310000
-9.500000
-9.690000
-9.880000
-10.070000
-10.260000
-10.450000
-10.640000
-10.830000
-11.020000
-11.210000
-11.400000
-11.590000
-11.780000
-11.970000
-12.160000
-12.350000
-12.540000
-12.730000
-12.920000
-13.110000
-13.300000
-13.490000
-13.680000
-13.870000
-14.060000
-14.250000
-14.440000
-14.630000
-14.820000
-15.010000
-15.200000
-15.390000
-15.580000
-15.770000
-15.960000
-16.150000
-16.340000
-16.530000
-16.720000
-16.910000
-17.100000
-17.290000
-17.480000
-17.670000
-17.860000
-18.050000
-18.240000
-18.430000
-18.620000
-18.810000
-19.000000
-19.190000
-19.380000
-19.570000
-19.760000
-19.950000
-20.140000
-20.330000
-20.520000
-20.710000
-20.900000
-21.090000
-21.280000
-21.470000
-21.660000
-21.850000
-22.040000
-22.230000
-22.420000
-22.610000
-22.800000
-22.990000
-23.180000
-23.370000
-23.560000
-23.750000
-23.940000
-24.130000
-24.320000
-24.510000
-24.700000
-24.890000
-25.080000
-25.270000
-25.460000
-25.650000
-25.840000
-26.030000
-26.220000
-26.410000
-26.600000
-26.790000
-26.980000
-27.170000
-27.360000
-27.550000
-27.740000
-27.930000
-28.120000
-28.310000
-28.500000
-28.690000
-28.880000
-29.070000
-29.260000
-29.450000
-29.640000
-29.830000
-30.020000
-30.210000
-30.400000
-30.590000
-30.780000
-30.970000
-31.160000
-31.350000
-31.540000
-31.730000
-31.920000
-32.110000
-32.300000
-32.490000
-32.680000
-32.870000
-33.060000
-33.250000
-33.440000
-33.630000
-33.820000
-34.010000
-34.200000
-34.390000
-34.580000
-34.770000
-34.960000
-35.150000
-35.340000
-35.530000
-35.720000
-35.910000
-36.100000
-36.290000
-36.480000
-36.670000
-36.860000
-37.050000
-37.240000
-37.430000
-37.620000
-37.810000
-38.000000
------------------------
g12
-0.084982
-0.165716
-0.242413
-0.315277
-0.384498
-0.450259
-0.512733
-0.572084
-0.628468
-0.682033
-0.732920
-0.781264
-0.827191
-0.870822
-0.912272
-0.951650
-0.989060
-1.024599
-1.058362
-1.090437
-1.120909
-1.149857
-1.177358
-1.203485
-1.228305
-1.251885
-1.274286
-1.295567
-1.315784
-1.334991
-1.353238
-1.370572
-1.387040
-1.402685
-1.417547
-1.431667
-1.445081
-1.457824
-1.469930
-1.481431
-1.492357
-1.502737
-1.512598
-1.521966
-1.530866
-1.539321
-1.547353
-1.554984
-1.562233
-1.569120
-1.575663
-1.581878
-1.587783
-1.593393
-1.598722
-1.603785
-1.608594
-1.613164
-1.617505
-1.621628
-1.625546
-1.629268
-1.632804
-1.636163
-1.639354
-1.642386
-1.645266
-1.648002
-1.650601
-1.653071
-1.655417
-1.657645
-1.659763
-1.661774
-1.663685
-1.665500
-1.667225
-1.668863
-1.670420
-1.671899
-1.673303
-1.674638
-1.675906
-1.677110
-1.678254
-1.679341
-1.680374
-1.681355
-1.682287
-1.683173
-1.684014
-1.684813
-1.685572
-1.686293
-1.686979
-1.687630
-1.688248
-1.688835
-1.689394
-1.689924
-1.690427
-1.690906
-1.691361
-1.691792
-1.692203
-1.692593
-1.692963
-1.693315
-1.693649
-1.693966
-1.694268
-1.694554
-1.694827
-1.695085
-1.695331
-1.695564
-1.695786
-1.695997
-1.696197
-1.696387
-1.696568
-1.696739
-1.696902
-1.697057
-1.697204
-1.697344
-1.697477
-1.697603
-1.697723
-1.697837
-1.697945
-1.698047
-1.698145
-1.698238
-1.698326
-1.698410
-1.698489
-1.698565
-1.698636
-1.698705
-1.698769
-1.698831
-1.698889
-1.698945
-1.698998
-1.699048
-1.699095
-1.699140
-1.699183
-1.699224
-1.699263
-1.699300
-1.699335
-1.699368
-1.699400
-1.699430
-1.699458
-1.699485
-1.699511
-1.699535
-1.699559
-1.699581
-1.699602
-1.699622
-1.699641
-1.699659
-1.699676
-1.699692
-1.699707
-1.699722
-1.699736
-1.699749
-1.699762
-1.699773
-1.699785
-1.699796
-1.699806
-1.699815
-1.699825
-1.699833
-1.699842
-1.699850
-1.699857
-1.699864
-1.699871
-1.699878
-1.699884
-1.699889
-1.699895
-1.699900
-1.699905
-1.699910
-1.699914
-1.699919
-1.699923
-1.699927
-1.699930
-1.699934
-1.699937
-1.699940
------------------------
g21
-0.023620
-0.046510
-0.068690
-0.090184
-0.111013
-0.131196
-0.150755
-0.169709
-0.188075
-0.205873
-0.223120
-0.239834
-0.256029
-0.271724
-0.286932
-0.301670
-0.315952
-0.329791
-0.343202
-0.356198
-0.368791
-0.380995
-0.392821
-0.404280
-0.415385
-0.426147
-0.436575
-0.446680
-0.456472
-0.465961
-0.475157
-0.484068
-0.492703
-0.501070
-0.509179
-0.517037
-0.524651
-0.532030
-0.539180
-0.546109
-0.552823
-0.559330
-0.565635
-0.571744
-0.577665
-0.583403
-0.588963
-0.594350
-0.599571
-0.604630
-0.609533
-0.614284
-0.618888
-0.623349
-0.627672
-0.631862
-0.635921
-0.639855
-0.643668
-0.647362
-0.650942
-0.654411
-0.657772
-0.661030
-0.664187
-0.667246
-0.670210
-0.673082
-0.675866
-0.678563
-0.681177
-0.683710
-0.686165
-0.688544
-0.690849
-0.693082
-0.695247
-0.697344
-0.699377
-0.701346
-0.703255
-0.705104
-0.706897
-0.708633
-0.710317
-0.711947
-0.713528
-0.715059
-0.716544
-0.717982
-0.719375
-0.720726
-0.722035
-0.723303
-0.724532
-0.725722
-0.726877
-0.727995
-0.729078
-0.730129
-0.731146
-0.732132
-0.733088
-0.734014
-0.734911
-0.735781
-0.736623
-0.737440
-0.738231
-0.738998
-0.739741
-0.740461
-0.741159
-0.741835
-0.742490
-0.743125
-0.743740
-0.744337
-0.744914
-0.745474
-0.746017
-0.746543
-0.747052
-0.747546
-0.748024
-0.748488
-0.748937
-0.749372
-0.749794
-0.750203
-0.750599
-0.750983
-0.751355
-0.751716
-0.752065
-0.752403
-0.752731
-0.753049
-0.753357
-0.753656
-0.753945
-0.754226
-0.754497
-0.754760
-0.755015
-0.755263
-0.755502
-0.755734
-0.755959
-0.756177
-0.756388
-0.756593
-0.756791
-0.756984
-0.757170
-0.757350
-0.757525
-0.757695
-0.757859
-0.758018
-0.758172
-0.758322
-0.758467
-0.758607
-0.758743
-0.758875
-0.759002
-0.759126
-0.759246
-0.759362
-0.759475
-0.759584
-0.759690
-0.759792
-0.759892
-0.759988
-0.760081
-0.760171
-0.760259
-0.760344
-0.760426
-0.760506
-0.760583
-0.760658
-0.760730
-0.760801
-0.760869
-0.760935
-0.760999
-0.761061
-0.761121
-0.761179
-0.761235
-0.761290
-0.761343
-0.761394
-0.761444
-0.761492
-0.761539
-0.761584
------------------------
g22
0.235000
0.470000
0.705000
0.940000
1.175000
1.410000
1.645000
1.880000
2.115000
2.350000
2.585000
2.820000
3.055000
3.290000
3.525000
3.760000
3.995000
4.230000
4.465000
4.700000
4.935000
5.170000
5.405000
5.640000
5.875000
6.110000
6.345000
6.580000
6.815000
7.050000
7.285000
7.520000
7.755000
7.990000
8.225000
8.460000
8.695000
8.930000
9.165000
9.400000
9.635000
9.870000
10.105000
10.340000
10.575000
10.810000
11.045000
11.280000
11.515000
11.750000
11.985000
12.220000
12.455000
12.690000
12.925000
13.160000
13.395000
13.630000
13.865000
14.100000
14.335000
14.570000
14.805000
15.040000
15.275000
15.510000
15.745000
15.980000
16.215000
16.450000
16.685000
16.920000
17.155000
17.390000
17.625000
17.860000
18.095000
18.330000
18.565000
18.800000
19.035000
19.270000
19.505000
19.740000
19.975000
20.210000
20.445000
20.680000
20.915000
21.150000
21.385000
21.620000
21.855000
22.090000
22.325000
22.560000
22.795000
23.030000
23.265000
23.500000
23.735000
23.970000
24.205000
24.440000
24.675000
24.910000
25.145000
25.380000
25.615000
25.850000
26.085000
26.320000
26.555000
26.790000
27.025000
27.260000
27.495000
27.730000
27.965000
28.200000
28.435000
28.670000
28.905000
29.140000
29.375000
29.610000
29.845000
30.080000
30.315000
30.550000
30.785000
31.020000
31.255000
31.490000
31.725000
31.960000
32.195000
32.430000
32.665000
32.900000
33.135000
33.370000
33.605000
33.840000
34.075000
34.310000
34.545000
34.780000
35.015000
35.250000
35.485000
35.720000
35.955000
36.190000
36.425000
36.660000
36.895000
37.130000
37.365000
37.600000
37.835000
38.070000
38.305000
38.540000
38.775000
39.010000
39.245000
39.480000
39.715000
39.950000
40.185000
40.420000
40.655000
40.890000
41.125000
41.360000
41.595000
41.830000
42.065000
42.300000
42.535000
42.770000
43.005000
43.240000
43.475000
43.710000
43.945000
44.180000
44.415000
44.650000
44.885000
45.120000
45.355000
45.590000
45.825000
46.060000
46.295000
46.530000
46.765000
47.000000
